


#
TRADING CODE
LTP*
HIGH
LOW
CLOSEP*
YCP*
% CHANGE
TRADE
VALUE (mn)
VOLUME


1


												AAMRANET											

70.8
71.4
67.7
70.8
67.3
5.20
4,581
323.5130
4,627,216


2


												AAMRATECH											

37.1
37.6
35.1
37.1
35.3
5.10
1,256
35.8910
982,561


3


												ABBANK											

9.9
9.9
9.9
9.9
9.9
0
11
0.1040
10,481


4


												ACFL											

0
0
0
26.5
26.5
--
0
0.0000
0


5


												ACI											

260.2
260.2
260.2
260.2
260.2
0
11
0.0850
326


6


												ACIFORMULA											

155
155
155
155
155
0
21
1.8970
12,238


7


												ACMELAB											

85
85
85
85
85
0
37
1.2030
14,149


8


												ACMEPL											

35.4
35.4
35.4
35.4
35.4
0
3
0.0180
500


9


												ACTIVEFINE											

19.3
19.3
19.3
19.3
19.3
0
1
0.0000
1


10


												ADNTEL											

120.5
121
113.1
120.5
115
4.78
938
61.6490
518,237


11


												ADVENT											

24.7
24.8
24.4
24.7
24.4
1.23
812
28.6670
1,166,289


12


												AFCAGRO											

0
0
0
23.5
23.5
--
0
0.0000
0


13


												AFTABAUTO											

24.5
24.5
24.5
24.5
24.5
0
5
0.0340
1,396


14


												AGNISYSL											

24.5
24.7
23.9
24.5
23.9
2.51
1,077
45.3910
1,862,158


15


												AGRANINS											

38.6
39.6
38.6
38.6
38.9
-0.77
105
1.8240
47,174


16


												AIL											

0
0
0
53.4
53.4
--
0
0.0000
0


17


												AL-HAJTEX											

132.1
132.1
132.1
132.1
132.1
0
1
0.0000
1


18


												ALARABANK											

23.6
23.6
23.6
23.6
23.6
0
5
0.0470
2,001


19


												ALIF											

13.3
13.3
13.3
13.3
13.3
0
1
0.0000
5


20


												ALLTEX											

19.3
19.3
19.3
19.3
19.4
-0.52
4
0.0240
1,230


21


												AMANFEED											

33.5
33.5
33.5
33.5
33.5
0
2
0.0000
2


22


												AMBEEPHA											

459.1
460.5
458
459.2
462.2
-0.67
46
0.8770
1,911


23


												AMCL(PRAN)											

237.6
239.7
233
237.6
235.3
0.98
220
3.3100
14,020


24


												ANLIMAYARN											

31.4
31.4
31.4
31.4
31.7
-0.95
9
0.0260
841


25


												ANWARGALV											

213.3
213.3
213.3
213.3
213.3
0
13
0.0440
207


26


												AOL											

0
0
0
36.5
36.5
--
0
0.0000
0


27


												APEXFOODS											

275.3
279.9
273.9
275.3
276.6
-0.47
567
10.9960
39,929


28


												APEXFOOT											

259.1
264.7
257.5
259.1
257.5
0.62
891
23.3690
89,743


29


												APEXSPINN											

110
114.8
110
110
111.1
-0.99
215
2.9550
26,770


30


												APEXTANRY											

102
102.9
102
102
103
-0.97
60
1.8410
18,050


31


												APOLOISPAT											

8.2
8.2
8.2
8.2
8.2
0
3
0.0060
703


32


												ARAMIT											

269.3
270
263.6
269.3
266.1
1.20
25
0.5600
2,088


33


												ARAMITCEM											

25.3
25.3
25.3
25.3
25.5
-0.78
7
0.1040
4,097


34


												ARGONDENIM											

0
0
0
18.2
18.2
--
0
0.0000
0


35


												ASIAINS											

51.6
53.2
51.2
51.6
52.1
-0.96
639
15.9080
305,554


36


												ASIAPACINS											

47.5
47.5
47.5
47.5
47.9
-0.84
9
0.2000
4,205


37


												AZIZPIPES											

87.2
88.9
85.9
86.7
86.7
0.58
144
2.0960
24,171


38


												BANGAS											

107.7
112
107.7
107.7
108.7
-0.92
117
2.6310
24,376


39


												BANKASIA											

20.2
20.2
20.2
20.2
20.2
0
3
0.0210
1,020


40


												BARKAPOWER											

21.3
21.3
21.3
21.3
21.3
0
1
0.0000
1


41


												BATASHOE											

953.5
961.5
930
931.1
950.1
0.36
10
0.1960
211


42


												BATBC											

518.7
518.7
518.7
518.7
518.7
0
62
0.2540
489


43


												BAYLEASING											

23.9
23.9
23.9
23.9
23.9
0
1
0.0010
57


44


												BBS											

21.6
21.6
21.6
21.6
21.6
0
7
0.0190
862


45


												BBSCABLES											

0
0
0
49.9
49.9
--
0
0.0000
0


46


												BDAUTOCA											

121.9
124
121
121.3
121.3
0.49
169
1.9590
16,049


47


												BDCOM											

44
44.4
42.6
44
43
2.33
2,069
92.2410
2,118,609


48


												BDFINANCE											

0
0
0
44.1
44.1
--
0
0.0000
0


49


												BDLAMPS											

252.2
252.2
252.2
252.2
252.2
0
4
0.0050
21


50


												BDTHAI											

14.6
14.6
14.6
14.6
14.7
-0.68
20
0.0680
4,683


51


												BDTHAIFOOD											

39.2
39.6
38.6
39.2
38.4
2.08
429
8.3190
213,191


52


												BDWELDING											

29.5
30.6
29.5
29.5
29.7
-0.67
118
2.8470
96,449


53


												BEACHHATCH											

32.8
34.8
32.8
32.8
33.1
-0.91
2,222
96.6910
2,918,579


54


												BEACONPHAR											

308.6
314.6
305.2
308.6
308.6
0
882
38.1000
123,410


55


												BENGALWTL											

35.7
36.5
35.4
35.7
35.8
-0.28
848
34.3500
959,166


56


												BERGERPBL											

1,730.6
1,735.1
1,730.5
1,730.6
1,737.1
-0.37
103
1.6380
945


57


												BEXIMCO											

115.6
115.6
115.6
115.6
115.6
0
17
2.0220
17,490


58


												BGIC											

69.2
69.5
67.8
69.2
69.4
-0.29
222
5.6870
82,423


59


												BIFC											

0
0
0
9.9
9.9
--
0
0.0000
0


60


												BNICL											

60.8
62.9
60.4
60.8
61.1
-0.49
568
13.6060
221,819


61


												BPML											

87.4
88.1
84.7
87.4
84.7
3.19
4,715
224.5270
2,591,699


62


												BPPL											

0
0
0
29.3
29.3
--
0
0.0000
0


63


												BRACBANK											

38.5
38.5
38.5
38.5
38.5
0
16
0.1450
3,772


64


												BSC											

129.2
131.4
123.6
129.2
123.3
4.79
3,282
336.8310
2,645,727


65


												BSCCL											

218.9
218.9
218.9
218.9
218.9
0
16
0.1160
529


66


												BSRMLTD											

90
90
90
90
90
0
1
0.0000
3


67


												BSRMSTEEL											

63.9
63.9
63.9
63.9
63.9
0
3
0.0040
56


68


												BXPHARMA											

146.2
146.2
146.2
146.2
146.2
0
55
0.6540
4,472


69


												CENTRALINS											

39.2
39.3
39.2
39.2
39.5
-0.76
25
0.7950
20,289


70


												CENTRALPHL											

11.1
11.1
11.1
11.1
11.2
-0.89
43
0.3230
29,121


71


												CITYBANK											

21.8
21.8
21.8
21.8
21.8
0
24
0.5730
26,271


72


												CITYGENINS											

31.8
31.8
31.8
31.8
32.1
-0.93
36
1.2340
38,805


73


												CNATEX											

10.2
10.2
10.2
10.2
10.2
0
1
0.0000
3


74


												CONFIDCEM											

89
89
89
89
89
0
3
0.0110
123


75


												CONTININS											

32.8
33
32.8
32.8
33.1
-0.91
87
1.9770
60,275


76


												COPPERTECH											

36.9
36.9
36.9
36.9
36.9
0
2
0.0050
140


77


												CRYSTALINS											

40.9
40.9
40.9
40.9
41.3
-0.97
24
0.5310
12,976


78


												CVOPRL											

0
0
0
163.7
163.7
--
0
0.0000
0


79


												DACCADYE											

15
15
15
15
15.1
-0.66
7
0.0060
404


80


												DBH											

57.8
57.8
57.8
57.8
57.8
0
10
0.2900
5,010


81


												DELTALIFE											

136.5
136.5
136.5
136.5
136.5
0
84
6.9260
50,741


82


												DELTASPINN											

0
0
0
8.5
8.5
--
0
0.0000
0


83


												DESCO											

36.6
37.4
36.6
36.6
36.6
0
5
0.3120
8,511


84


												DESHBANDHU											

17.3
17.3
17.3
17.3
17.4
-0.57
4
0.0190
1,078


85


												DGIC											

32.8
33.3
32.8
32.8
33.1
-0.91
105
2.8290
86,143


86


												DHAKABANK											

13.2
13.3
13.2
13.2
13.2
0
43
15.3120
1,159,816


87


												DHAKAINS											

65.6
65.6
65.6
65.6
66.2
-0.91
15
0.3320
5,062


88


												DOMINAGE											

18
18
18
18
18.1
-0.55
35
0.4070
22,628


89


												DOREENPWR											

61
61
61
61
61
0
1
0.0010
10


90


												DSHGARME											

109.7
109.7
109.7
109.7
110.8
-0.99
36
0.6960
6,345


91


												DSSL											

17
17
17
17
17
0
3
0.0020
102


92


												DUTCHBANGL											

62.6
62.6
62.6
62.6
62.6
0
7
0.0910
1,449


93


												EASTERNINS											

53.6
53.6
53.6
53.6
54.1
-0.92
40
0.5840
10,887


94


												EASTLAND											

26.5
26.5
26.5
26.5
26.7
-0.75
3
0.0130
505


95


												EASTRNLUB											

1,628.9
1,669
1,628.9
1,628.9
1,645.3
-1.00
241
4.5050
2,745


96


												EBL											

31.8
31.8
31.8
31.8
31.8
0
4
0.1660
5,210


97


												ECABLES											

199
204
198
198.4
199.5
-0.25
772
15.7260
78,746


98


												EGEN											

53.4
54.1
51.5
53.4
52.1
2.50
569
13.0210
247,590


99


												EHL											

109.2
111
105.5
109.2
108.4
0.74
4,392
346.4930
3,209,861


100


												EIL											

27.8
28.3
27.8
27.8
28
-0.71
58
0.8270
29,713


101


												EMERALDOIL											

28.6
29.2
28.4
28.6
28.6
0
412
9.9820
349,767


102


												ENVOYTEX											

43.9
43.9
43.9
43.9
43.9
0
1
0.0000
1


103


												EPGL											

0
0
0
34.5
34.5
--
0
0.0000
0


104


												ESQUIRENIT											

34.5
34.5
34.5
34.5
34.5
0
1
0.0010
40


105


												ETL											

0
0
0
9.4
9.4
--
0
0.0000
0


106


												EXIMBANK											

10.4
10.4
10.4
10.4
10.4
0
8
0.1770
17,011


107


												FARCHEM											

10.6
10.6
10.6
10.6
10.6
0
4
0.0020
211


108


												FAREASTLIF											

80.5
83.4
80
80.5
82.1
-1.95
1,341
51.3410
632,735


109


												FASFIN											

0
0
0
5.8
5.8
--
0
0.0000
0


110


												FEDERALINS											

25.3
27.1
25.3
25.3
25.5
-0.78
46
0.2530
9,854


111


												FEKDIL											

17.2
17.2
17.2
17.2
17.2
0
20
1.0560
61,417


112


												FINEFOODS											

57.7
59.9
57.2
57.7
57.7
0
72
6.2820
108,912


113


												FIRSTSBANK											

9.8
9.8
9.8
9.8
9.8
0
2
0.0100
1,005


114


												FORTUNE											

75.7
75.7
75.7
75.7
75.7
0
4
0.0110
144


115


												FUWANGCER											

17.4
17.4
17.4
17.4
17.4
0
1
0.0000
11


116


												FUWANGFOOD											

23.5
23.5
23.5
23.5
23.5
0
2
0.0050
201


117


												GBBPOWER											

16.9
16.9
16.9
16.9
17
-0.59
22
0.1720
10,199


118


												GEMINISEA											

434
436.9
415.9
434
416.3
4.25
2,744
101.3870
237,324


119


												GENEXIL											

110
110.8
101.2
110
100.9
9.02
10,852
879.9630
8,293,596


120


												GENNEXT											

6
6
6
6
6
0
36
1.9920
332,030


121


												GHAIL											

17.5
17.5
17.5
17.5
17.5
0
2
0.0020
130


122


												GLOBALINS											

33.6
33.6
33.6
33.6
33.9
-0.88
22
0.3440
10,252


123


												GP											

286.6
286.6
286.6
286.6
286.6
0
37
0.7450
2,599


124


												GPHISPAT											

44.8
44.8
44.8
44.8
44.8
0
6
0.0280
620


125


												GQBALLPEN											

89.5
95.8
88.9
89.2
89.7
-0.22
101
1.5730
17,664


126


												GREENDELT											

68.1
71.3
67
68.1
68.6
-0.73
95
2.5960
37,883


127


												GSPFINANCE											

0
0
0
30.3
30.3
--
0
0.0000
0


128


												HAKKANIPUL											

54.3
56
53.6
54.3
54.1
0.37
162
1.7710
32,707


129


												HEIDELBCEM											

179.1
179.1
179.1
179.1
179.1
0
1
0.0180
100


130


												HFL											

19.3
19.3
19.3
19.3
19.4
-0.52
5
0.0240
1,255


131


												HRTEX											

115.9
115.9
115.9
115.9
115.9
0
6
6.2160
53,630


132


												HWAWELLTEX											

46.3
47
46
46.3
45.1
2.66
226
6.6490
143,345


133


												IBNSINA											

286.6
286.6
286.6
286.6
286.6
0
15
0.1520
529


134


												IBP											

18.9
18.9
18.9
18.9
19
-0.53
4
0.0060
323


135


												ICB											

87.6
87.6
87.6
87.6
87.6
0
11
0.0420
477


136


												ICBIBANK											

5.4
5.4
5.4
5.4
5.4
0
1
0.0000
1


137


												IDLC											

46.5
46.5
46.5
46.5
46.5
0
11
0.0840
1,807


138


												IFADAUTOS											

44.1
44.1
44.1
44.1
44.1
0
3
0.0130
302


139


												IFIC											

11.5
11.5
11.5
11.5
11.5
0
18
1.0590
92,068


140


												ILFSL											

0
0
0
6.2
6.2
--
0
0.0000
0


141


												INDEXAGRO											

103.6
103.6
103.6
103.6
103.6
0
6
0.0290
277


142


												INTECH											

23.3
23.3
23.3
23.3
23.5
-0.85
36
0.1290
5,557


143


												INTRACO											

36.7
37.6
36.4
36.7
37.2
-1.34
2,748
123.1550
3,341,313


144


												IPDC											

57.6
57.6
57.6
57.6
57.6
0
4
0.0040
68


145


												ISLAMIBANK											

33.1
33.2
33
33.1
33
0.30
96
2.8500
86,157


146


												ISLAMICFIN											

19.7
19.7
19.7
19.7
19.7
0
1
0.0020
100


147


												ISLAMIINS											

42.1
42.5
42.1
42.1
42.5
-0.94
29
1.0840
25,746


148


												ISNLTD											

48.6
49
47.6
48.6
48
1.25
243
5.6610
118,633


149


												ITC											

40.4
40.7
38.5
40.4
38.3
5.48
2,898
169.2300
4,275,297


150


												JAMUNABANK											

21.4
21.5
21.3
21.3
21.4
0
30
1.3020
61,076


151


												JAMUNAOIL											

170.5
171.8
170.4
170.5
170
0.29
291
6.4120
37,519


152


												JANATAINS											

29.7
30.7
29.7
29.7
30
-1
94
1.6160
54,419


153


												JHRML											

85.1
85.9
80.3
85.1
79.1
7.59
2,394
62.5060
752,030


154


												JMISMDL											

255.5
255.5
255.5
255.5
255.5
0
7
0.2950
1,156


155


												JUTESPINN											

262.8
262.8
262.8
262.8
265.4
-0.98
1
0.0000
1


156


												KARNAPHULI											

31
31
31
31
31.3
-0.96
25
0.4310
13,904


157


												KAY&QUE											

233
235
233
233
235.3
-0.98
114
1.0660
4,569


158


												KBPPWBIL											

10.9
10.9
10.9
10.9
11
-0.91
116
2.8980
265,834


159


												KDSALTD											

77
77
77
77
77
0
1
0.0150
200


160


												KEYACOSMET											

6.4
6.4
6.4
6.4
6.4
0
16
0.2780
43,453


161


												KOHINOOR											

429.4
437.5
424.1
427.2
425.1
1.01
545
14.0470
32,540


162


												KPCL											

26.6
26.6
26.6
26.6
26.6
0
2
0.0130
502


163


												KPPL											

8.9
8.9
8.9
8.9
8.9
0
5
0.0970
10,900


164


												KTL											

23.7
23.7
23.7
23.7
23.7
0
1
0.0000
1


165


												LANKABAFIN											

26
26
26
26
26
0
11
0.0430
1,661


166


												LHBL											

64.9
65.2
64.8
64.9
64.8
0.15
589
87.5150
1,349,696


167


												LINDEBD											

1,397.7
1,397.7
1,397.7
1,397.7
1,397.7
0
5
0.0980
70


168


												LOVELLO											

37.9
37.9
37.9
37.9
37.9
0
35
0.8280
21,857


169


												LRBDL											

36.6
36.8
36
36.6
36.3
0.83
728
22.8050
626,438


170


												MAKSONSPIN											

22.3
22.3
22.3
22.3
22.3
0
6
0.0110
476


171


												MALEKSPIN											

27.1
27.1
27.1
27.1
27.1
0
43
4.8950
180,640


172


												MARICO											

2,421.5
2,421.5
2,421.5
2,421.5
2,421.5
0
10
0.1990
82


173


												MATINSPINN											

0
0
0
77.6
77.6
--
0
0.0000
0


174


												MEGHNACEM											

62.4
62.4
62.4
62.4
63
-0.95
12
0.0380
604


175


												MEGHNAINS											

35.2
35.2
35.2
35.2
35.5
-0.85
31
0.4030
11,462


176


												MEGHNALIFE											

89.5
92.6
89
89.5
91.8
-2.51
1,853
98.7000
1,090,094


177


												MERCANBANK											

13.7
13.7
13.6
13.7
13.7
0
77
6.2830
459,735


178


												MERCINS											

32.8
32.8
32.8
32.8
33.1
-0.91
1
0.0030
100


179


												METROSPIN											

43.9
44.2
42
43.9
42.6
3.05
635
30.3600
700,861


180


												MIDASFIN											

11
11.5
11
11
11.1
-0.90
45
0.9260
83,968


181


												MIRACLEIND											

27.9
27.9
27.9
27.9
28.1
-0.71
11
0.1710
6,146


182


												MIRAKHTER											

50.8
50.9
50.8
50.8
50.8
0
71
1.3960
27,475


183


												MITHUNKNIT											

0
0
0
16.5
16.5
--
0
0.0000
0


184


												MJLBD											

86.7
86.7
86.7
86.7
86.7
0
13
0.1440
1,657


185


												MLDYEING											

24.8
24.8
24.8
24.8
24.8
0
3
0.0890
3,603


186


												MONNOAGML											

810.2
818.8
792.5
810.2
794.8
1.94
850
23.2810
28,685


187


												MONNOCERA											

108.4
109.7
104.2
108.4
103.7
4.53
2,008
49.7400
460,153


188


												MONNOFABR											

24.1
24.1
24.1
24.1
24.1
0
2
0.0120
504


189


												MONOSPOOL											

270.4
275
262
270.4
259.4
4.24
2,139
64.2810
239,000


190


												MPETROLEUM											

198.6
198.6
198.6
198.6
198.6
0
24
0.3060
1,541


191


												MTB											

16.8
16.8
16.7
16.8
16.6
1.20
15
0.3550
21,152


192


												NAHEEACP											

0
0
0
65.3
65.3
--
0
0.0000
0


193


												NAVANACNG											

22.5
22.8
22.4
22.5
22.4
0.45
191
2.9450
130,470


194


												NBL											

8.3
8.3
8.3
8.3
8.3
0
1
0.0040
500


195


												NCCBANK											

13.8
13.8
13.8
13.8
13.8
0
15
0.3390
24,570


196


												NEWLINE											

45.1
45.1
45.1
45.1
45.1
0
1
0.0020
36


197


												NFML											

14.3
14.3
14.3
14.3
14.4
-0.69
14
0.0500
3,521


198


												NHFIL											

46.3
48.2
46
46.3
47.3
-2.11
918
29.2110
623,768


199


												NITOLINS											

39.6
39.9
39.6
39.6
40
-1
20
0.4670
11,782


200


												NORTHERN											

200.5
205.8
200.5
200.7
202.5
-0.99
167
1.6590
8,268


201


												NORTHRNINS											

40.9
40.9
40.9
40.9
41.3
-0.97
8
0.1130
2,775


202


												NPOLYMER											

0
0
0
51
51
--
0
0.0000
0


203


												NRBCBANK											

17.6
17.6
17.6
17.6
17.6
0
4
0.0010
75


204


												NTC											

598.2
602.5
598.2
598.2
600.3
-0.35
122
2.3620
3,948


205


												NTLTUBES											

0
0
0
79.5
79.5
--
0
0.0000
0


206


												NURANI											

0
0
0
7
7
--
0
0.0000
0


207


												OAL											

9.9
9.9
9.9
9.9
9.9
0
8
0.0650
6,570


208


												OIMEX											

0
0
0
18.5
18.5
--
0
0.0000
0


209


												OLYMPIC											

138.3
140.8
135.6
137.6
138
0.22
2,858
165.8590
1,199,245


210


												ONEBANKLTD											

11.5
11.6
11.5
11.5
11.6
-0.86
77
4.9240
426,556


211


												ORIONINFU											

335.3
342.5
334.6
335.3
337.9
-0.77
2,608
59.4040
175,590


212


												ORIONPHARM											

88.2
88.9
85.6
88.2
85.1
3.64
3,933
267.3640
3,050,575


213


												PADMALIFE											

47.8
48
47.8
47.8
48.2
-0.83
193
7.6770
160,592


214


												PADMAOIL											

209.2
209.2
209.2
209.2
209.2
0
7
0.0400
192


215


												PAPERPROC											

179.1
179.1
179.1
179.1
180.9
-1.00
112
2.8630
15,987


216


												PARAMOUNT											

43.1
43.4
43.1
43.1
43.5
-0.92
100
1.7750
41,124


217


												PDL											

9.9
9.9
9.9
9.9
9.9
0
5
0.0280
2,800


218


												PENINSULA											

27.4
27.4
27.4
27.4
27.4
0
4
0.0190
696


219


												PEOPLESINS											

36.7
39.9
36.7
36.7
37
-0.81
53
0.6000
16,016


220


												PHARMAID											

0
0
0
790.7
790.7
--
0
0.0000
0


221


												PHENIXINS											

37.3
38.3
37.3
37.3
37.6
-0.80
31
1.1870
31,820


222


												PIONEERINS											

76.8
80.4
76.3
76.8
78.1
-1.66
1,142
37.7120
481,759


223


												POPULARLIF											

80.3
84
79.6
80.3
81.5
-1.47
1,413
48.1800
589,615


224


												POWERGRID											

52.4
52.4
52.4
52.4
52.4
0
1
0.0000
2


225


												PRAGATIINS											

71
73.2
70.6
71
71.9
-1.25
324
8.1980
114,441


226


												PRAGATILIF											

155.6
165.8
152.2
158
162.4
-4.19
1,204
66.0100
418,989


227


												PREMIERBAN											

13.3
13.4
13.3
13.3
13.3
0
105
8.0690
605,640


228


												PREMIERCEM											

0
0
0
44.5
44.5
--
0
0.0000
0


229


												PRIMEBANK											

19.5
19.6
19.5
19.5
19.6
-0.51
114
38.4740
1,972,996


230


												PRIMEFIN											

11.5
11.5
11.5
11.5
11.5
0
3
0.0140
1,210


231


												PRIMELIFE											

59.9
60.5
59.9
59.9
60.5
-0.99
82
4.7890
79,933


232


												PRIMETEX											

33
33
33
33
33.3
-0.90
3
0.0020
52


233


												PROGRESLIF											

84.5
86.6
84.5
84.5
85.3
-0.94
89
2.2760
26,858


234


												PROVATIINS											

58.9
58.9
58.9
58.9
58.9
0
15
0.8390
14,248


235


												PTL											

77
77
77
77
77
0
3
0.0010
13


236


												PUBALIBANK											

26.4
26.4
26.3
26.3
26.3
0.38
11
0.2790
10,598


237


												PURABIGEN											

28.3
28.5
28.3
28.3
28.5
-0.70
189
6.9130
244,079


238


												QUASEMIND											

0
0
0
58.4
58.4
--
0
0.0000
0


239


												QUEENSOUTH											

23.3
23.3
23.3
23.3
23.3
0
3
0.0000
15


240


												RAHIMAFOOD											

237.7
237.7
237.7
237.7
237.7
0
4
0.1050
441


241


												RAKCERAMIC											

42.9
42.9
42.9
42.9
42.9
0
10
0.5260
12,254


242


												RANFOUNDRY											

150.6
151
149.5
150.5
151
-0.26
125
2.0700
13,809


243


												RDFOOD											

36.2
36.2
36.2
36.2
36.2
0
3
0.0040
121


244


												RECKITTBEN											

4,760.7
4,760.7
4,760.7
4,760.7
4,760.7
0
1
0.0290
6


245


												REGENTTEX											

0
0
0
9.8
9.8
--
0
0.0000
0


246


												RELIANCINS											

64.9
64.9
64.1
64.4
64.1
1.25
76
1.1460
17,800


247


												RENATA											

1,217.9
1,217.9
1,217.9
1,217.9
1,217.9
0
8
0.1390
114


248


												REPUBLIC											

34.8
34.8
34.8
34.8
35.1
-0.85
28
0.2780
8,002


249


												RINGSHINE											

9.8
9.8
9.8
9.8
9.8
0
3
0.0060
625


250


												RNSPIN											

0
0
0
6.2
6.2
--
0
0.0000
0


251


												ROBI											

30
30
30
30
30
0
4
0.0450
1,511


252


												RSRMSTEEL											

18
18
18
18
18.1
-0.55
18
0.5890
32,733


253


												RUNNERAUTO											

48.4
48.4
48.4
48.4
48.4
0
2
0.0030
70


254


												RUPALIBANK											

25.2
25.2
25.2
25.2
25.2
0
1
0.0000
1


255


												RUPALIINS											

28.9
28.9
28.9
28.9
29.1
-0.69
26
0.4710
16,281


256


												RUPALILIFE											

92.9
95.9
92.1
92.9
94.1
-1.28
1,486
64.9830
690,358


257


												SAFKOSPINN											

22.6
22.6
22.6
22.6
22.8
-0.88
1
0.0030
150


258


												SAIFPOWER											

29.7
29.7
29.7
29.7
29.7
0
2
0.0920
3,100


259


												SAIHAMCOT											

16.4
16.4
16.4
16.4
16.4
0
3
0.0500
3,051


260


												SAIHAMTEX											

19.4
19.4
19.4
19.4
19.5
-0.51
19
1.5160
78,161


261


												SALVOCHEM											

61.8
61.8
61.8
61.8
61.8
0
1
0.0010
10


262


												SAMATALETH											

57
57.5
57
57.1
57.5
-0.87
10
0.0230
404


263


												SAMORITA											

68.2
68.2
67.2
67.7
67.8
0.59
40
0.5120
7,582


264


												SANDHANINS											

29
30.1
28.7
29
29.8
-2.68
552
14.0300
477,121


265


												SAPORTL											

32.6
33.2
32.2
32.6
31.8
2.52
1,947
101.1780
3,103,652


266


												SBACBANK											

10.6
10.6
10.6
10.6
10.6
0
3
0.0050
501


267


												SEAPEARL											

269.2
272
263.4
269.2
263.5
2.16
2,585
155.5950
578,360


268


												SHAHJABANK											

18.9
19
18.9
19
18.9
0
11
2.0510
108,010


269


												SHASHADNIM											

27
27
27
27
27
0
1
0.0010
50


270


												SHURWID											

15.7
15.7
15.7
15.7
15.8
-0.63
7
0.0720
4,616


271


												SHYAMPSUG											

74.7
74.7
74.7
74.7
75.4
-0.93
4
0.0790
1,051


272


												SIBL											

12.3
12.3
12.3
12.3
12.3
0
1
0.0060
500


273


												SILCOPHL											

23.4
23.4
23.4
23.4
23.4
0
2
0.0040
151


274


												SILVAPHL											

21.6
21.6
21.6
21.6
21.6
0
4
0.0260
1,201


275


												SIMTEX											

15.2
15.2
15.2
15.2
15.3
-0.65
21
0.0530
3,459


276


												SINGERBD											

151.9
151.9
151.9
151.9
151.9
0
2
0.0000
2


277


												SINOBANGLA											

59
59
59
59
59.5
-0.84
38
1.2710
21,534


278


												SKICL											

58.9
58.9
58.9
58.9
59.4
-0.84
76
1.7050
28,950


279


												SKTRIMS											

24.5
24.9
24.5
24.5
24.7
-0.81
132
2.5960
105,615


280


												SONALIANSH											

406
415
406
406
410.1
-1.00
198
11.0220
27,017


281


												SONALILIFE											

68.4
71.8
67.8
68.4
70
-2.29
995
37.8660
548,532


282


												SONALIPAPR											

615.1
615.1
615.1
615.1
615.1
0
5
0.0700
113


283


												SONARBAINS											

51.1
51.6
51.1
51.1
51.6
-0.97
118
5.3370
104,403


284


												SONARGAON											

38.4
38.4
38.4
38.4
38.7
-0.78
5
0.0060
154


285


												SOUTHEASTB											

13.8
13.8
13.8
13.8
13.8
0
21
8.9500
648,550


286


												SPCERAMICS											

49.3
50
45.6
49.3
46
7.17
3,822
272.1500
5,662,984


287


												SPCL											

65.5
65.5
65.5
65.5
65.5
0
6
0.0130
202


288


												SQUARETEXT											

67.5
67.5
67.5
67.5
67.5
0
1
0.0000
5


289


												SQURPHARMA											

209.8
209.8
209.8
209.8
209.8
0
86
3.7810
18,023


290


												SSSTEEL											

16.6
16.6
16.6
16.6
16.6
0
48
1.7350
104,507


291


												STANCERAM											

122.4
123.6
122.4
122.4
123.6
-0.97
65
0.9710
7,932


292


												STANDARINS											

45
46
45
45
45.4
-0.88
26
0.5840
12,971


293


												STANDBANKL											

8.8
8.8
8.8
8.8
8.8
0
1
0.0000
1


294


												STYLECRAFT											

86.8
87.6
86.8
86.8
87.6
-0.91
89
0.4740
5,463


295


												SUMITPOWER											

34
34
34
34
34
0
3
0.0150
430


296


												SUNLIFEINS											

58.2
59.6
58.2
58.2
58.7
-0.85
252
17.4350
298,888


297


												TAKAFULINS											

48.4
48.9
48.4
48.4
48.8
-0.82
100
2.1260
43,883


298


												TALLUSPIN											

0
0
0
9.9
9.9
--
0
0.0000
0


299


												TAMIJTEX											

178.3
178.3
178.3
178.3
178.3
0
2
0.0010
8


300


												TITASGAS											

40.9
40.9
40.9
40.9
40.9
0
3
0.0250
601


301


												TRUSTBANK											

34.9
34.9
34.9
34.9
34.9
0
17
0.3160
9,051


302


												TUNGHAI											

5.8
5.8
5.8
5.8
5.8
0
1
0.0000
1


303


												UCB											

13
13
13
13
13
0
2
0.0010
43


304


												UNILEVERCL											

2,849
2,849
2,849
2,849
2,849
0
10
0.8600
302


305


												UNIONBANK											

9.3
9.3
9.3
9.3
9.3
0
7
0.0210
2,209


306


												UNIONCAP											

0
0
0
9.9
9.9
--
0
0.0000
0


307


												UNIONINS											

43.1
43.1
43.1
43.1
43.5
-0.92
13
0.1810
4,195


308


												UNIQUEHRL											

68.7
69.6
67.2
68.7
68.5
0.29
1,894
83.1280
1,212,829


309


												UPGDCL											

233.7
233.7
233.7
233.7
233.7
0
2
0.0260
110


310


												UTTARABANK											

23.3
23.4
23.3
23.3
23.4
-0.43
118
2.9480
126,258


311


												UTTARAFIN											

33.8
33.8
33.8
33.8
33.8
0
2
0.0170
505


312


												VFSTDL											

22.2
22.2
22.2
22.2
22.2
0
1
0.0000
1


313


												WALTONHIL											

1,047.7
1,047.7
1,047.7
1,047.7
1,047.7
0
6
0.1150
110


314


												WATACHEM											

0
0
0
200.2
200.2
--
0
0.0000
0


315


												WMSHIPYARD											

11
11
11
11
11
0
1
0.0000
1


316


												YPL											

18
18
18
18
18.1
-0.55
4
0.0050
282


